RUNNING THE L-BFGS-B CODE

it    = iteration number
nf    = number of function evaluations
nseg  = number of segments explored during the Cauchy search
nact  = number of active bounds at the generalized Cauchy point
sub   = manner in which the subspace minimization terminated:
        con = converged, bnd = a bound was reached
itls  = number of iterations performed in the line search
stepl = step length used
tstep = norm of the displacement (total step)
projg = norm of the projected gradient
f     = function value

           * * *

Machine precision = 2.220E-16
 N =  30    M =  10

   it   nf  nseg  nact  sub  itls  stepl    tstep     projg        f
    0    1     -     -   -     -     -        -     4.552E-01  8.630E-01
    1    2     1     0  ---    0  1.2E+00  1.0E+00  1.693E-01  6.960E-01
    2    4     0     0  con    1  5.0E+00  1.3E+00  2.155E-01  6.255E-01
    3    5     0     0  con    0  1.0E+00  4.5E-01  8.507E-02  5.428E-01
    4    6     0     0  con    0  1.0E+00  1.8E-01  7.417E-02  5.207E-01
    5    7     0     0  con    0  1.0E+00  1.8E+00  8.310E-02  3.808E-01
    6    8     0     0  con    0  1.0E+00  1.0E+00  1.347E-01  3.676E-01
    7    9     0     0  con    0  1.0E+00  2.1E-01  8.982E-02  3.441E-01
    8   10     0     0  con    0  1.0E+00  7.2E-01  2.820E-02  3.163E-01
    9   11     0     0  con    0  1.0E+00  1.9E-01  2.429E-02  3.136E-01
   10   12     0     0  con    0  1.0E+00  1.9E-01  3.529E-02  3.104E-01
   11   13     0     0  con    0  1.0E+00  3.8E-01  1.556E-02  3.044E-01
   12   14     0     0  con    0  1.0E+00  5.3E-01  5.573E-03  3.008E-01
   13   15     0     0  con    0  1.0E+00  4.2E-01  9.914E-03  2.994E-01
   14   17     0     0  con    1  3.2E-01  9.4E-01  2.585E-02  2.984E-01
   15   18     0     0  con    0  1.0E+00  1.3E-01  2.198E-02  2.978E-01
   16   19     0     0  con    0  1.0E+00  4.5E-02  1.422E-02  2.974E-01
   17   22     0     0  con    2  1.9E+00  3.5E-01  1.477E-02  2.961E-01
   18   23     0     0  con    0  1.0E+00  4.7E-01  9.160E-03  2.953E-01
   19   24     0     0  con    0  1.0E+00  1.3E+00  5.492E-02  2.947E-01
   20   25     0     0  con    0  1.0E+00  1.4E-01  9.046E-03  2.942E-01
   21   26     0     0  con    0  1.0E+00  2.7E-01  2.754E-02  2.935E-01
   22   27     0     0  con    0  1.0E+00  6.5E-01  1.487E-02  2.925E-01
   23   29     0     0  con    1  5.1E-01  1.2E+00  3.755E-02  2.917E-01
   24   32     0     0  con    2  2.0E+00  2.4E+00  3.055E-01  2.844E-01
   25   37     0     0  con    4  2.3E-03  5.2E-01  4.138E-01  2.835E-01
   26   39     0     0  con    1  1.4E-01  3.2E-01  5.055E-01  2.824E-01
   27   40     0     0  con    0  1.0E+00  4.6E-01  5.047E-01  2.768E-01
   28   41     0     0  con    0  1.0E+00  6.5E-01  4.569E-01  2.651E-01
   29   42     0     0  con    0  1.0E+00  7.4E-01  1.348E-01  2.468E-01
   30   43     0     0  con    0  1.0E+00  4.1E+00  7.349E-01  2.418E-01
   31   44     0     0  con    0  1.0E+00  1.7E+00  2.341E-01  2.251E-01
   32   45     0     0  con    0  1.0E+00  4.8E-01  5.446E-02  2.131E-01
   33   46     0     0  con    0  1.0E+00  8.3E-01  2.950E-01  2.077E-01
   34   47     0     0  con    0  1.0E+00  6.6E-01  4.508E-01  2.018E-01
   35   49     0     0  con    1  7.3E-02  5.1E-01  5.926E-01  1.973E-01
   36   52     0     0  con    2  9.0E-03  2.2E-01  6.686E-01  1.955E-01
   37   54     0     0  con    1  5.2E-01  9.2E-01  8.916E-01  1.871E-01
   38   55     0     0  con    0  1.0E+00  1.4E+00  6.962E-01  1.723E-01
   39   56     0     0  con    0  1.0E+00  1.1E+00  5.099E-01  1.686E-01
   40   57     0     0  con    0  1.0E+00  1.9E-01  8.036E-02  1.648E-01
   41   58     0     0  con    0  1.0E+00  1.6E-01  1.565E-01  1.638E-01
   42   60     0     0  con    1  2.7E-02  8.7E-02  2.469E-01  1.633E-01
   43   61     0     0  con    0  1.0E+00  1.3E-01  2.566E-01  1.629E-01
   44   62     0     0  con    0  1.0E+00  6.7E-01  1.649E-01  1.613E-01
   45   64     0     0  con    1  1.4E-01  6.7E-01  1.438E-01  1.606E-01
   46   66     0     0  con    1  4.0E-01  1.3E-01  7.917E-02  1.601E-01
   47   67     0     0  con    0  1.0E+00  6.0E-02  7.295E-02  1.599E-01
   48   68     0     0  con    0  1.0E+00  2.9E-01  1.440E-01  1.572E-01
   49   69     0     0  con    0  1.0E+00  2.4E-01  3.828E-01  1.534E-01
   50   70     0     0  con    0  1.0E+00  7.4E-01  4.981E-01  1.455E-01
   51   72     0     0  con    1  5.2E-01  2.1E+00  3.822E-01  1.326E-01
   52   74     0     0  con    1  3.4E-01  5.1E-01  4.138E-01  1.245E-01
   53   76     0     0  con    1  3.7E-01  2.1E-01  1.831E-01  1.226E-01
   54   78     0     0  con    1  4.5E-01  6.0E-01  1.759E-01  1.209E-01
   55   80     0     0  con    1  3.0E-01  1.4E+00  3.981E-01  1.138E-01
   56   82     0     0  con    1  4.8E-01  6.4E-01  4.729E-02  1.124E-01
   57   83     0     0  con    0  1.0E+00  5.6E-01  2.555E-01  1.117E-01
   58   84     0     0  con    0  1.0E+00  5.0E-01  2.788E-01  1.098E-01
   59   86     0     0  con    1  7.3E-02  6.2E-02  1.192E-01  1.096E-01
   60   87     0     0  con    0  1.0E+00  8.4E-01  4.098E-02  1.086E-01
   61   89     0     0  con    1  3.6E-01  5.4E-01  1.171E-01  1.080E-01
   62   91     0     0  con    1  4.5E-01  6.3E-01  8.008E-02  1.072E-01
   63   93     0     0  con    1  2.7E-01  7.0E-01  2.030E-01  1.069E-01
   64   95     0     0  con    1  2.9E-01  4.6E-01  9.504E-02  1.061E-01
   65   96     0     0  con    0  1.0E+00  3.3E-01  4.357E-01  1.058E-01
   66   97     0     0  con    0  1.0E+00  2.3E-01  1.547E-01  1.053E-01
   67   98     0     0  con    0  1.0E+00  8.4E-01  3.101E-02  1.047E-01
   68  101     0     0  con    2  6.9E-01  1.9E+00  1.691E-01  1.037E-01
   69  102     0     0  con    0  1.0E+00  1.0E+00  2.514E-01  1.031E-01
   70  104     0     0  con    1  3.8E-01  8.3E-01  3.143E-01  1.030E-01
   71  105     0     0  con    0  1.0E+00  3.1E+00  1.677E-01  1.020E-01
   72  106     0     0  con    0  1.0E+00  3.5E-01  9.880E-02  1.013E-01
   73  107     0     0  con    0  1.0E+00  3.2E-01  2.180E-01  1.011E-01
   74  108     0     0  con    0  1.0E+00  2.7E+00  3.832E-01  1.003E-01
   75  109     0     0  con    0  1.0E+00  8.1E-02  9.253E-02  9.987E-02
   76  110     0     0  con    0  1.0E+00  2.6E+00  1.524E-01  9.922E-02
   77  112     0     0  con    1  4.9E-01  1.5E+00  1.265E-01  9.885E-02
   78  113     0     0  con    0  1.0E+00  1.6E+00  1.568E-01  9.821E-02
   79  115     0     0  con    1  4.0E-01  1.1E+00  4.045E-02  9.813E-02
   80  116     0     0  con    0  1.0E+00  2.0E+00  1.047E-01  9.774E-02
   81  117     0     0  con    0  1.0E+00  6.4E-01  1.311E-01  9.755E-02
   82  119     0     0  con    1  4.6E-01  9.9E-01  1.529E-01  9.745E-02
   83  121     0     0  con    1  1.6E-01  4.7E-01  1.388E-01  9.744E-02
   84  122     0     0  con    0  1.0E+00  8.0E-01  4.504E-02  9.737E-02
   85  123     0     0  con    0  1.0E+00  4.6E-01  1.240E-01  9.735E-02
   86  124     0     0  con    0  1.0E+00  5.8E-01  1.294E-01  9.729E-02
   87  126     0     0  con    1  7.0E-02  4.9E-01  1.924E-01  9.727E-02
   88  127     0     0  con    0  1.0E+00  1.9E-02  1.502E-01  9.724E-02
   89  128     0     0  con    0  1.0E+00  2.9E-01  1.086E-01  9.714E-02
   90  129     0     0  con    0  1.0E+00  6.7E-01  2.408E-01  9.661E-02
   91  130     0     0  con    0  1.0E+00  3.0E-01  3.378E-01  9.601E-02
   92  132     0     0  con    1  4.3E-01  1.1E+00  3.227E-01  9.523E-02
   93  135     0     0  con    2  1.9E+00  4.3E-01  4.677E-01  9.468E-02
   94  137     0     0  con    1  4.9E-01  1.3E+00  5.235E-01  9.414E-02
   95  139     0     0  con    1  5.2E-02  3.5E-01  1.530E-01  9.401E-02
   96  140     0     0  con    0  1.0E+00  1.5E+00  1.521E-01  9.356E-02
   97  142     0     0  con    1  1.2E-01  7.5E-01  1.199E-01  9.334E-02
   98  143     0     0  con    0  1.0E+00  9.5E-01  1.139E-01  9.316E-02
   99  144     0     0  con    0  1.0E+00  4.1E-01  9.768E-02  9.311E-02
  100  145     0     0  con    0  1.0E+00  1.2E+00  7.429E-02  9.293E-02
  101  146     0     0  con    0  1.0E+00  9.7E-01  3.927E-02  9.285E-02
  102  147     0     0  con    0  1.0E+00  1.2E+00  1.155E-01  9.280E-02
  103  148     0     0  con    0  1.0E+00  5.6E-02  6.017E-02  9.277E-02
  104  149     0     0  con    0  1.0E+00  1.2E-01  1.306E-02  9.276E-02
  105  150     0     0  con    0  1.0E+00  2.4E-01  4.706E-03  9.275E-02
  106  151     0     0  con    0  1.0E+00  8.6E-02  8.230E-03  9.275E-02
  107  153     0     0  con    1  5.1E-01  6.6E-02  1.863E-03  9.274E-02
  108  154     0     0  con    0  1.0E+00  6.2E-02  1.351E-02  9.274E-02
  109  155     0     0  con    0  1.0E+00  5.9E-02  5.393E-03  9.274E-02
  110  156     0     0  con    0  1.0E+00  1.8E-02  2.042E-03  9.274E-02
  111  157     0     0  con    0  1.0E+00  5.7E-02  9.098E-03  9.274E-02
  112  158     0     0  con    0  1.0E+00  7.3E-02  2.303E-02  9.274E-02
  113  159     0     0  con    0  1.0E+00  1.1E-01  4.732E-02  9.273E-02
  114  160     0     0  con    0  1.0E+00  1.3E-01  8.400E-02  9.272E-02
  115  161     0     0  con    0  1.0E+00  8.2E-02  1.350E-01  9.268E-02
  116  162     0     0  con    0  1.0E+00  3.6E-01  1.642E-01  9.260E-02
  117  163     0     0  con    0  1.0E+00  1.9E+00  3.460E-01  9.246E-02
  118  165     0     0  con    1  2.2E-01  1.1E+00  2.119E-01  9.235E-02
  119  166     0     0  con    0  1.0E+00  2.9E-01  6.273E-02  9.229E-02
  120  167     0     0  con    0  1.0E+00  2.1E-01  3.304E-02  9.225E-02
  121  168     0     0  con    0  1.0E+00  2.9E-01  1.350E-01  9.217E-02
  122  169     0     0  con    0  1.0E+00  3.5E-01  4.423E-02  9.213E-02
  123  170     0     0  con    0  1.0E+00  9.9E-02  5.139E-02  9.211E-02
  124  171     0     0  con    0  1.0E+00  4.8E-01  3.310E-02  9.209E-02
  125  172     0     0  con    0  1.0E+00  2.0E-01  7.750E-02  9.207E-02
  126  173     0     0  con    0  1.0E+00  1.8E-01  3.412E-02  9.204E-02
  127  174     0     0  con    0  1.0E+00  3.1E-01  9.056E-02  9.201E-02
  128  175     0     0  con    0  1.0E+00  5.0E-02  1.357E-02  9.199E-02
  129  176     0     0  con    0  1.0E+00  1.6E-01  2.029E-02  9.197E-02
  130  177     0     0  con    0  1.0E+00  3.7E-01  6.100E-02  9.197E-02
  131  178     0     0  con    0  1.0E+00  6.9E-02  1.873E-02  9.196E-02
  132  179     0     0  con    0  1.0E+00  8.1E-02  6.248E-03  9.196E-02
  133  180     0     0  con    0  1.0E+00  1.9E-01  7.836E-03  9.195E-02
  134  184     0     0  con    3  3.3E+00  1.2E+00  2.073E-01  9.174E-02
  135  187     0     0  con    2  5.3E-03  4.3E-02  2.198E-01  9.174E-02
  136  188     0     0  con    0  1.0E+00  1.7E-01  1.867E-01  9.171E-02
  137  189     0     0  con    0  1.0E+00  2.2E-01  1.305E-01  9.155E-02
  138  190     0     0  con    0  1.0E+00  7.8E-01  1.386E-01  9.141E-02
  139  191     0     0  con    0  1.0E+00  3.2E-01  3.162E-02  9.134E-02
  140  192     0     0  con    0  1.0E+00  1.6E-01  7.734E-02  9.129E-02
  141  193     0     0  con    0  1.0E+00  9.5E-02  3.517E-02  9.126E-02
  142  195     0     0  con    1  5.1E-01  1.5E-01  6.930E-02  9.125E-02
  143  196     0     0  con    0  1.0E+00  4.1E-01  2.190E-02  9.123E-02
  144  197     0     0  con    0  1.0E+00  5.2E-02  3.973E-02  9.122E-02
  145  198     0     0  con    0  1.0E+00  2.0E-01  6.565E-02  9.119E-02
  146  199     0     0  con    0  1.0E+00  2.0E-01  6.453E-02  9.117E-02
  147  200     0     0  con    0  1.0E+00  3.5E-01  4.881E-02  9.115E-02

STOP: TOTAL NO. of f AND g EVALUATIONS EXCEEDS LIMIT        

 Total User time 9.375E-02 seconds.

